11 18600
19 18500
1120 18400
218 18300
219 18200
426 18100
879 18000
1758 17900
2918 17800
3366 17700
4706 17600
6039 17500
8248 17400
10819 17300
14001 17200
16833 17100
19925 17000
24306 16900
27730 16800
34265 16700
41700 16600
48281 16500
56618 16400
64639 16300
71877 16200
82626 16100
91125 16000
98493 15950
104393 15900
110925 15850
116338 15800
123614 15750
129416 15700
136439 15650
142567 15600
151727 15550
156917 15500
162407 15450
171610 15400
182359 15350
189102 15300
196466 15250
202753 15200
212984 15150
223353 15100
233152 15050
243760 15000
252575 14950
263750 14900
272204 14850
285369 14800
290796 14750
