0 18600
1 18550
8 18500
27 18450
64 18400
125 18350
216 18300
343 18250
512 18200
729 18150
1000 18100
1331 18050
1728 18000
2197 17950
2744 17900
3375 17850
4096 17800
4913 17750
5832 17700
6859 17650
8000 17600
9261 17550
10648 17500
12167 17450
13824 17400
15625 17350
17576 17300
19683 17250
21952 17200
24389 17150
27000 17100
29791 17050
32768 17000
35937 16950
39304 16900
42875 16850
46656 16800
50653 16750
54872 16700
59319 16650
64000 16600
68921 16550
74088 16500
79507 16450
85184 16400
91125 16350
97336 16300
103823 16250
110592 16200
117649 16150
125000 16100
132651 16050
140608 16000
148877 15950
157464 15900
166375 15850
175616 15800
185193 15750
195112 15700
205379 15650
216000 15600
226981 15550
238328 15500
250047 15450
262144 15400
274625 15350
287496 15300
300763 15250
314432 15200
328509 15150
343000 15100
357911 15050
373248 15000
389017 14950
405224 14900
421875 14850
438976 14800
456533 14750
474552 14700
493039 14650
512000 14600
531441 14550
551368 14500
571787 14450
592704 14400
614125 14350
636056 14300
658503 14250
681472 14200
704969 14150
729000 14100
753571 14050
778688 14000
804357 13950
830584 13900
857375 13850
884736 13800
912673 13750
941192 13700
970299 13650
1000000 13600
1030301 13550
1061208 13500
1092727 13450
1124864 13400
1157625 13350
1191016 13300
1225043 13250
1259712 13200
1295029 13150
1331000 13100
1367631 13050
1404928 13000
1442897 12950
1481544 12900
1520875 12850
1560896 12800
1601613 12750
1643032 12700
1685159 12650
1728000 12600
1771561 12550
1815848 12500
1860867 12450
1906624 12400
1953125 12350
2000376 12300
2048383 12250
2097152 12200
2146689 12150
2197000 12100
2248091 12050
